>> T=[100:50:500];
>> Q=8000;
>> R=1.987;
>> k0=1200;
>> k=k0*exp(-Q./(R*T));
>> My_results=[T;k]

My_results =

  100.0000  150.0000  200.0000  250.0000  300.0000  350.0000  400.0000  450.0000  500.0000
    0.0000    0.0000    0.0000    0.0001    0.0018    0.0121    0.0510    0.1561    0.3820
