>> a=[15,3,22;3,8,5;14,3,82];
>> b=[1;5;6];
>> c=[12,18,5,2];
>> d=a(:,3)

d =

    22
     5
    82

>> e=[d,b]

e =

    22     1
     5     5
    82     6

>> f=[d',b']

f =

    22     5    82     1     5     6

>> c0=c(1,1:3);
>> g=[c0;a]

g =

    12    18     5
    15     3    22
     3     8     5
    14     3    82

>> a1=a(1,3);
>> c1=c(1,2);
>> b1=b(2,1);
>> h=[a1,c1,b1]

h =

    22    18     5

>> 
